1000 4909 23
0 23
0 25
0 36
0 65
0 77
0 427
0 439
0 478
0 540
0 599
0 770
0 857
1 23
1 205
1 445
1 531
1 662
1 663
2 17
2 30
2 61
2 323
2 349
2 401
2 423
2 650
2 953
3 14
3 42
3 146
3 220
3 238
3 268
3 273
3 456
3 477
3 650
3 867
4 18
4 28
4 219
4 227
4 278
4 290
4 486
4 542
4 588
4 589
4 620
4 626
4 637
4 677
4 695
4 896
5 15
5 28
5 87
5 133
5 150
5 174
5 281
5 358
5 564
5 577
5 696
5 798
5 830
5 834
5 844
5 893
5 897
5 982
6 120
6 297
6 359
6 418
6 472
6 555
6 837
6 934
7 52
7 119
7 134
7 299
7 455
7 527
7 565
7 614
7 691
7 692
7 728
7 732
7 909
7 995
8 14
8 176
8 187
8 247
8 361
8 371
8 552
8 568
8 576
8 586
8 840
8 891
8 917
8 956
8 988
9 146
9 226
9 383
9 416
9 573
9 690
9 720
9 723
9 768
9 916
10 79
10 231
10 596
10 695
10 698
10 756
10 765
10 823
10 846
10 908
10 927
10 954
11 59
11 193
11 370
11 680
11 729
11 768
12 123
12 130
12 182
12 362
12 528
12 642
12 659
12 865
12 993
13 111
13 320
13 410
13 816
13 965
14 252
14 331
14 332
14 359
14 790
14 840
14 847
14 981
15 112
15 206
15 233
15 460
15 530
15 576
15 725
15 767
15 840
15 878
16 188
16 253
16 684
16 716
16 753
16 754
16 802
17 59
17 131
17 365
17 385
17 469
17 482
17 485
17 503
17 652
18 48
18 146
18 163
18 231
18 395
18 626
18 664
18 961
19 48
19 177
19 246
19 279
19 402
19 453
19 455
19 545
19 562
19 571
19 601
19 673
19 757
19 788
19 923
19 968
20 245
20 322
20 323
20 386
20 410
20 672
20 690
20 694
20 869
20 870
20 884
20 986
21 33
21 38
21 44
21 70
21 210
21 235
21 300
21 519
21 537
21 910
22 381
22 456
22 471
22 508
22 672
22 686
22 922
23 41
23 267
23 592
23 806
23 940
23 966
23 994
24 190
24 233
24 374
24 467
24 585
24 847
24 923
25 46
25 266
25 362
25 376
25 458
25 622
25 851
25 863
25 916
25 931
26 92
26 290
26 437
26 515
26 539
26 585
26 653
26 663
26 908
26 942
27 70
27 74
27 491
27 591
27 651
27 692
27 885
28 102
28 154
28 263
28 711
28 725
28 768
28 972
28 988
29 77
29 249
29 276
29 595
29 694
29 704
29 975
29 987
30 115
30 128
30 155
30 328
30 415
30 423
30 814
30 901
30 908
30 948
31 62
31 318
31 392
31 435
31 464
31 585
31 669
31 740
31 824
31 908
31 916
31 929
32 69
32 227
32 273
32 295
32 326
32 460
32 477
32 604
32 679
33 52
33 86
33 234
33 303
33 305
33 452
33 513
33 587
33 712
33 781
34 184
34 205
34 220
34 446
34 676
34 695
34 709
34 720
34 927
34 964
34 965
35 108
35 148
35 310
35 383
36 123
36 265
36 538
36 710
36 843
36 868
37 112
37 216
37 495
37 521
37 687
37 816
37 932
37 935
37 937
38 221
38 350
38 471
38 488
38 524
38 612
38 624
38 714
39 42
39 295
39 586
39 599
39 625
39 644
39 725
39 750
39 797
39 977
40 198
40 547
40 575
40 587
40 605
40 746
40 805
40 806
40 813
40 917
41 106
41 173
41 190
41 252
41 325
41 390
41 748
41 815
41 924
41 987
42 86
42 95
42 152
42 202
42 237
42 288
42 448
42 671
42 812
42 890
42 910
42 926
42 929
43 147
43 839
43 924
43 943
44 79
44 168
44 264
44 325
44 363
44 663
44 848
45 411
45 430
45 441
45 561
45 579
45 583
45 677
45 683
46 78
46 299
46 486
46 488
46 659
46 837
46 874
47 180
47 266
47 480
47 498
47 942
48 95
48 204
48 256
48 265
48 275
48 415
48 446
48 657
49 258
49 274
49 558
49 575
49 781
49 807
49 838
49 909
50 505
50 614
50 663
50 676
50 885
50 887
50 963
51 86
51 145
51 206
51 601
51 626
51 656
51 762
51 767
51 849
51 969
52 77
52 158
52 211
52 243
52 252
52 257
52 349
52 374
52 425
52 452
52 505
52 589
52 739
52 749
52 875
52 895
52 903
52 928
52 955
52 957
52 980
53 196
53 261
53 555
53 635
53 831
53 838
53 931
54 87
54 186
54 316
54 384
54 522
54 629
54 720
54 936
54 970
55 83
55 142
55 313
55 463
55 552
55 815
56 368
56 445
56 485
56 538
56 724
56 783
56 832
56 898
56 966
57 80
57 88
57 112
57 275
57 372
57 475
57 512
57 611
57 652
57 662
57 795
58 140
58 229
58 388
58 397
58 476
58 513
58 754
58 817
58 837
58 938
58 989
59 284
59 287
59 362
59 441
59 737
59 802
59 826
59 954
60 85
60 153
60 286
60 516
60 606
60 638
60 707
60 977
61 195
61 229
61 279
61 411
61 741
61 747
61 755
61 756
61 792
61 937
62 136
62 311
62 456
62 562
62 759
62 790
62 860
62 946
63 238
63 334
63 539
63 788
63 840
64 75
64 121
64 153
64 156
64 385
64 868
65 80
65 94
65 188
65 292
65 352
65 389
65 410
65 514
65 566
65 894
65 910
66 292
66 483
66 607
66 618
66 720
66 745
66 795
66 851
66 887
66 900
66 974
67 101
67 274
67 342
67 368
67 372
67 444
67 528
67 553
67 677
67 773
67 801
67 808
67 881
68 72
68 80
68 93
68 104
68 116
68 136
68 365
68 383
68 415
68 431
68 437
68 536
68 587
68 730
69 128
69 187
69 395
69 759
69 862
69 909
69 968
70 142
70 382
70 425
70 508
70 548
71 74
71 82
71 195
71 280
71 485
71 517
71 574
71 723
71 727
71 749
71 999
72 118
72 124
72 330
72 337
72 536
72 548
72 746
72 751
72 803
73 220
73 370
73 425
73 447
73 527
73 643
73 745
73 765
74 287
74 523
74 590
74 825
74 850
74 932
75 87
75 160
75 208
75 344
75 453
75 532
75 607
75 615
75 951
75 956
76 79
76 293
76 314
76 616
76 735
76 969
77 99
77 190
77 227
77 230
77 442
77 497
77 584
77 681
77 750
78 192
78 429
78 593
78 654
78 743
78 848
78 858
79 194
79 279
79 351
79 542
79 591
79 802
79 843
80 106
80 161
80 553
80 592
80 619
80 630
80 637
80 848
80 865
80 877
80 932
81 134
81 135
81 270
81 512
81 649
81 665
81 744
81 753
81 776
81 803
82 169
82 229
82 246
82 249
82 282
82 316
82 483
82 538
82 564
82 567
82 578
82 612
82 662
82 802
82 831
82 887
83 90
83 165
83 434
83 526
83 528
83 531
83 622
83 671
83 696
83 826
83 835
84 132
84 199
84 218
84 447
84 578
84 744
84 767
84 784
84 822
84 842
85 111
85 117
85 398
85 537
85 889
85 920
86 144
86 258
86 281
86 368
86 371
86 378
86 488
86 521
86 549
86 561
86 593
86 598
86 654
86 697
86 702
86 774
86 980
87 146
87 266
87 301
87 306
87 347
87 468
87 553
87 570
87 588
87 674
88 112
88 203
88 271
88 614
88 616
88 708
88 806
89 138
89 164
89 186
89 193
89 197
89 217
89 228
89 236
89 279
89 290
89 337
89 738
89 822
89 882
89 918
89 935
90 175
90 229
90 393
90 403
90 426
90 456
90 474
90 709
90 912
90 931
91 263
91 375
91 484
91 550
91 587
91 983
92 170
92 253
92 420
92 429
92 539
92 549
92 674
92 691
92 847
92 975
93 196
93 229
93 363
93 524
93 530
93 580
93 585
93 795
93 805
94 101
94 157
94 174
94 388
94 391
94 426
94 608
94 633
94 865
95 341
95 628
95 707
95 766
95 822
95 898
96 140
96 208
96 301
96 378
96 578
96 658
96 719
96 725
96 933
96 963
97 152
97 228
97 473
97 575
97 589
97 603
97 915
97 951
98 100
98 101
98 292
98 475
98 541
98 643
98 706
98 845
98 875
98 894
99 342
99 351
99 406
99 420
99 445
99 449
99 555
99 641
99 804
99 848
99 868
99 944
100 210
100 213
100 304
100 374
100 480
100 536
100 680
100 718
100 866
100 906
101 273
101 290
101 350
101 669
101 672
101 680
101 732
101 813
101 817
101 957
102 384
102 594
102 597
102 920
103 171
103 174
103 271
103 520
103 599
103 617
103 714
104 147
104 357
104 490
104 638
104 736
104 932
104 953
104 977
105 147
105 211
105 244
105 397
105 403
105 404
105 432
105 471
105 486
105 517
105 611
105 667
105 736
105 914
106 311
106 337
106 507
106 521
106 537
106 666
106 684
106 704
106 865
106 931
106 973
107 224
107 273
107 305
107 412
107 455
107 697
108 212
108 230
108 399
108 429
108 540
108 637
108 672
108 676
108 702
108 792
108 806
108 934
108 984
108 996
109 188
109 226
109 302
109 356
109 463
109 518
109 545
109 601
109 613
109 788
109 795
109 966
110 181
110 228
110 311
110 409
110 513
110 521
110 578
111 121
111 426
111 437
111 656
111 728
111 759
111 787
112 208
112 275
112 434
113 209
113 236
113 283
113 386
113 389
113 687
113 844
113 890
113 918
114 254
114 344
114 495
114 555
114 626
114 665
114 701
114 939
115 141
115 301
115 360
115 371
115 397
115 486
115 531
115 582
115 674
115 675
115 762
115 793
115 861
115 938
116 128
116 406
116 473
116 615
116 782
116 801
116 805
116 807
116 872
116 874
116 903
116 999
117 202
117 258
117 278
117 394
117 469
117 483
117 486
117 513
117 535
117 595
117 648
117 682
117 733
117 756
117 951
117 958
117 984
118 121
118 122
118 198
118 295
118 448
118 620
118 734
118 789
118 887
118 901
119 160
119 253
119 264
119 463
119 508
119 570
119 661
119 751
119 823
119 839
119 951
120 159
120 222
120 414
120 535
120 558
120 586
120 610
120 638
120 683
120 728
120 819
120 901
121 200
121 296
121 354
121 355
121 491
121 607
121 653
121 688
121 798
121 810
121 895
121 953
122 173
122 205
122 206
122 325
122 383
122 430
122 473
122 494
122 604
122 647
122 722
122 836
122 924
122 939
122 955
123 143
123 191
123 778
123 785
123 851
124 286
124 447
124 567
124 580
124 656
124 810
124 993
125 143
125 210
125 228
125 316
125 436
125 755
125 762
125 909
125 972
125 983
126 507
126 509
126 660
126 699
126 704
126 802
127 138
127 181
127 218
127 284
127 297
127 396
127 609
127 623
127 633
127 757
127 787
127 807
127 881
128 159
128 192
128 300
128 332
128 595
128 649
128 787
128 893
129 181
129 268
129 297
129 389
129 399
129 496
129 524
129 538
129 626
129 631
129 673
129 702
129 915
129 947
130 324
130 453
130 483
130 587
130 869
131 177
131 301
131 685
131 689
131 736
131 789
131 879
131 909
131 924
131 996
132 182
132 235
132 256
132 389
132 393
132 423
132 440
132 537
132 721
132 775
132 804
132 827
132 844
132 954
133 140
133 304
133 335
133 347
133 401
133 425
133 434
133 747
133 756
134 465
134 685
134 822
134 882
135 188
135 189
135 419
135 546
135 575
136 144
136 146
136 363
136 562
136 660
136 733
136 741
136 755
136 766
137 168
137 211
137 230
137 276
137 348
137 606
137 645
137 673
137 744
138 279
138 607
138 669
138 672
139 326
139 657
139 902
139 936
140 251
140 761
140 801
141 258
141 286
141 291
141 450
141 526
141 529
141 638
141 837
141 865
141 874
141 894
141 917
141 991
142 162
142 181
142 240
142 348
142 368
142 393
142 830
142 869
143 164
143 392
143 439
143 670
143 787
143 997
144 150
144 177
144 230
144 271
144 293
144 530
144 612
145 224
145 242
145 470
145 562
145 580
145 608
145 925
146 258
146 373
146 776
146 785
146 916
147 252
147 300
147 304
147 390
147 427
147 664
147 754
147 812
147 858
147 929
148 534
148 564
148 627
148 639
148 860
149 201
149 296
149 334
149 448
149 511
149 796
149 879
149 901
150 163
150 282
150 351
150 474
150 945
151 451
151 650
151 672
151 755
151 797
151 885
151 957
152 165
152 309
152 574
152 738
152 845
152 896
152 990
152 995
153 437
153 515
153 556
153 577
153 645
153 682
153 828
153 916
154 275
154 623
154 634
154 665
154 724
154 783
154 973
155 345
155 439
155 553
155 709
155 826
155 908
156 259
156 396
156 440
156 688
156 707
156 742
156 765
156 854
157 402
157 422
157 469
157 573
157 576
157 600
157 675
157 719
157 849
157 876
157 899
158 265
158 478
158 501
158 565
158 568
158 634
158 638
158 660
158 791
158 866
159 193
159 448
159 594
159 878
159 943
159 968
160 268
160 565
160 716
160 842
160 886
161 358
161 483
161 489
161 746
161 780
161 782
161 798
161 975
162 486
162 573
162 676
162 691
162 804
162 822
163 220
163 226
163 345
163 540
163 549
163 764
163 952
164 194
164 238
164 334
164 454
164 497
164 545
164 608
164 722
164 899
164 921
164 990
164 995
165 183
165 192
165 236
165 239
165 510
165 541
165 565
165 851
165 965
166 200
166 230
166 245
166 265
166 353
166 471
166 539
166 542
166 716
166 858
166 948
166 999
167 564
167 608
167 615
167 729
167 864
168 174
168 366
168 425
169 281
169 335
169 467
169 701
169 735
169 781
169 924
169 989
170 197
170 258
170 492
170 542
170 783
170 881
171 186
171 285
171 295
171 379
171 580
171 880
171 931
171 968
172 255
172 379
172 512
172 587
172 667
172 673
172 747
172 751
172 776
172 909
172 990
172 993
173 239
173 292
173 331
173 612
173 781
173 841
173 876
174 319
174 425
174 758
174 768
174 848
174 959
174 962
174 968
174 986
175 182
175 194
175 231
175 496
175 723
175 830
175 858
175 869
175 880
175 899
176 185
176 308
176 309
176 319
176 428
176 468
176 512
176 669
176 703
177 281
177 394
177 438
177 490
177 713
178 286
178 402
178 462
178 513
178 711
178 771
178 917
179 260
179 609
179 847
179 979
180 279
180 322
180 419
180 706
180 822
180 940
180 963
181 213
181 251
181 286
181 302
181 428
181 430
181 460
181 634
181 644
181 773
181 787
181 848
181 855
182 594
182 611
182 686
182 762
182 871
182 976
182 996
183 497
183 541
183 637
183 912
183 927
184 262
184 294
184 458
184 460
184 640
184 706
184 805
185 187
185 383
185 480
185 668
185 729
185 962
186 561
186 562
186 629
186 632
186 783
187 191
187 264
187 310
187 490
187 497
187 513
187 673
187 680
187 786
187 787
187 885
187 913
188 203
188 275
188 319
188 355
188 475
188 506
188 559
188 646
188 758
188 783
188 994
189 202
189 392
189 399
189 419
189 452
189 683
189 937
190 254
190 329
190 357
190 393
190 498
190 647
190 682
190 726
191 226
191 229
191 378
191 443
191 517
191 521
191 623
191 896
191 925
191 928
191 964
191 968
191 986
191 988
192 222
192 270
192 382
192 393
192 397
192 457
192 580
192 594
192 613
192 856
192 906
193 201
193 402
193 549
193 649
193 843
193 890
193 918
194 204
194 266
194 320
194 591
194 647
194 666
194 882
195 253
195 262
195 377
195 556
195 595
195 604
195 637
195 800
195 820
195 922
195 989
196 205
196 287
196 378
196 644
196 932
197 214
197 236
197 478
197 494
197 584
197 626
197 732
197 858
197 943
198 303
198 392
198 425
198 488
198 637
198 687
198 694
198 780
198 785
198 819
199 320
199 494
199 539
199 631
199 716
199 739
199 773
200 346
200 487
200 733
200 745
201 202
201 573
201 776
201 873
201 903
201 923
201 938
202 209
202 217
202 255
202 276
202 298
202 400
202 409
202 497
202 537
202 547
202 578
202 688
202 724
202 804
202 929
202 973
203 209
203 281
203 603
203 727
203 919
203 948
204 228
204 333
204 340
204 480
204 840
205 358
205 387
205 412
206 390
206 400
206 416
206 495
206 551
206 554
206 756
206 783
206 866
206 960
207 282
207 330
207 473
207 588
207 631
207 648
207 783
207 787
207 844
207 980
208 247
208 301
208 510
208 515
208 633
208 682
208 883
208 905
208 932
209 221
209 246
209 472
209 580
209 587
209 602
209 609
209 701
209 988
209 991
210 494
210 505
210 641
210 793
210 944
211 313
211 453
211 488
211 723
212 290
212 609
212 730
213 214
213 373
213 694
214 365
214 386
214 445
214 562
214 637
214 660
214 823
214 846
214 991
214 992
215 378
215 408
215 495
215 717
215 931
216 335
216 387
216 513
216 533
216 591
216 615
216 896
216 921
217 388
217 392
217 439
217 441
217 459
217 482
217 530
217 672
217 682
217 883
217 900
217 980
218 249
218 302
218 319
218 460
218 654
218 667
218 767
218 924
218 955
219 248
219 302
219 524
219 546
219 767
219 816
219 832
219 849
219 870
219 980
220 256
220 354
220 360
220 405
220 675
220 763
220 774
220 915
221 283
221 293
221 335
221 433
221 488
221 510
221 631
221 683
221 759
222 290
222 358
222 448
222 488
222 591
222 869
222 993
223 324
223 404
223 507
223 570
223 681
223 719
223 859
223 884
224 305
224 460
224 673
224 730
224 900
224 917
225 375
225 865
225 885
226 287
226 327
226 533
226 671
226 736
226 925
227 308
227 415
227 565
227 622
227 695
227 943
228 284
228 303
228 334
228 448
228 529
228 613
228 738
228 770
228 784
228 812
228 857
228 984
229 635
229 866
230 408
231 445
231 509
231 560
231 743
231 793
231 873
232 241
232 364
232 390
232 428
232 980
233 429
233 473
233 495
233 512
233 539
233 653
233 655
233 680
233 825
233 977
234 253
234 349
234 382
234 515
234 539
234 606
234 654
234 661
234 665
234 701
234 735
234 945
235 393
235 417
235 435
235 838
235 892
235 988
235 997
236 319
236 381
236 475
236 521
236 651
236 782
236 803
236 863
237 242
237 320
237 351
237 606
237 702
237 782
237 788
237 852
237 918
238 280
238 306
238 604
238 636
238 697
238 722
238 995
239 417
239 434
239 468
239 671
239 681
239 687
239 878
240 390
240 426
240 441
240 467
240 469
240 517
240 634
240 684
240 753
240 932
240 974
241 318
241 348
241 466
241 520
241 531
241 672
241 746
241 812
242 426
242 462
242 489
242 585
242 608
242 725
242 952
242 996
243 249
243 462
243 515
243 552
243 695
243 788
243 790
243 853
244 314
244 334
244 647
244 717
244 775
244 807
244 849
245 484
245 519
245 523
245 601
245 615
245 700
245 709
245 944
246 396
246 398
246 426
246 433
246 533
246 549
246 644
246 783
246 813
246 861
246 895
247 256
247 393
247 574
247 583
247 777
248 380
248 389
248 572
248 604
248 656
248 810
248 891
249 541
249 615
249 683
249 723
249 797
249 843
249 950
249 979
250 293
250 314
250 745
250 781
250 802
250 835
251 270
251 327
251 349
251 381
251 463
251 643
251 733
251 740
251 995
252 281
252 482
252 503
252 513
252 639
252 743
252 759
253 295
253 358
253 498
253 518
253 715
253 812
253 928
253 980
253 989
254 393
254 492
254 500
254 672
254 677
254 782
255 738
255 855
255 883
256 264
256 384
256 411
256 423
256 511
256 515
256 569
256 868
256 878
256 990
257 472
257 631
257 657
257 773
257 799
257 823
257 995
258 312
258 327
258 393
258 426
258 535
258 895
259 282
259 285
259 301
259 399
259 598
259 675
259 991
260 388
260 445
260 498
260 633
260 931
261 297
261 456
261 564
261 686
261 713
261 907
261 910
261 981
262 508
262 534
262 646
262 748
262 932
262 944
262 958
263 268
263 358
263 381
263 418
263 782
263 787
263 926
264 287
264 333
264 358
264 494
264 624
264 807
264 831
264 929
264 954
265 331
265 431
265 439
265 489
265 533
265 797
265 848
265 968
266 288
266 431
266 440
266 490
266 494
266 569
266 619
266 668
266 782
266 857
267 344
267 373
267 436
267 499
267 651
267 667
267 734
267 981
267 987
268 599
268 666
268 718
268 771
268 848
269 390
269 403
269 422
269 651
269 763
270 276
270 308
270 452
270 484
270 744
270 881
270 949
270 982
270 999
271 305
271 322
271 929
272 347
272 469
273 305
273 345
273 427
273 525
273 561
273 610
273 631
273 852
274 280
274 346
274 364
274 376
274 382
274 461
274 571
274 575
275 291
275 326
275 422
275 956
275 992
275 994
276 356
276 445
276 490
276 512
276 527
276 636
276 693
276 871
277 331
277 400
277 639
277 742
277 839
277 841
278 295
278 355
278 389
278 654
278 705
278 935
278 941
278 946
279 285
279 314
279 317
279 328
279 435
279 914
279 983
280 566
280 617
280 681
280 793
280 828
281 337
281 424
281 478
281 586
282 286
282 389
282 417
282 580
282 647
282 662
282 671
282 960
282 973
283 399
283 416
283 517
283 683
283 692
283 743
283 813
283 840
283 958
284 698
284 755
284 867
284 981
285 329
285 375
285 447
285 449
285 672
286 348
286 363
286 691
286 705
286 938
286 948
287 308
287 435
287 530
287 573
287 602
287 770
287 854
287 901
288 395
288 505
288 512
288 699
288 715
288 802
288 840
288 887
289 387
289 502
289 528
289 625
289 659
289 744
289 807
289 843
289 909
289 954
290 356
290 417
290 423
290 475
290 487
290 537
290 631
290 637
290 686
290 759
290 765
290 850
290 951
291 405
291 434
291 442
291 456
291 686
291 767
291 830
291 873
291 874
291 917
291 918
292 508
292 557
292 663
292 665
292 674
292 737
292 790
292 955
292 981
293 373
293 404
293 631
293 684
293 779
294 470
294 616
294 617
294 643
294 672
294 912
294 913
294 919
294 951
295 481
295 665
295 840
295 879
295 892
295 902
295 974
295 977
296 314
296 373
296 521
296 654
296 691
296 809
296 823
296 892
297 818
298 435
298 441
298 665
298 757
298 795
299 504
299 580
299 603
299 626
299 721
299 742
300 493
300 633
300 781
300 863
300 937
301 336
301 365
301 419
301 601
301 603
301 640
301 752
301 821
301 847
301 911
302 350
302 436
302 505
302 581
302 635
302 650
302 667
302 699
302 701
302 815
302 911
302 917
303 380
303 397
303 487
303 588
304 523
304 811
304 813
304 832
304 906
305 369
305 394
305 509
305 532
305 846
305 940
306 349
306 442
306 464
306 599
306 686
306 769
306 872
306 955
307 390
307 410
307 453
307 566
307 574
307 642
307 821
307 830
308 422
308 489
308 569
308 589
309 403
309 622
309 625
309 805
309 945
309 947
310 360
310 393
310 437
310 487
310 505
310 542
310 635
310 842
310 874
311 407
312 422
312 536
312 628
312 659
312 879
312 979
313 397
313 416
313 561
313 640
313 686
313 767
313 778
313 978
313 982
314 452
314 474
314 501
314 570
314 673
315 350
315 382
315 496
315 533
315 599
315 664
315 720
315 725
316 458
316 590
316 790
316 974
317 356
317 386
317 451
317 574
317 586
317 760
317 809
317 912
318 604
318 630
318 784
318 804
318 849
318 885
319 354
319 359
319 576
319 696
319 727
319 827
320 521
320 552
320 626
320 707
320 719
320 723
320 895
320 917
321 363
321 364
321 439
321 492
321 506
321 574
321 612
321 704
321 978
322 612
323 403
323 439
323 579
323 624
323 758
323 860
323 888
323 969
324 410
324 411
324 420
324 436
324 456
324 554
324 626
324 832
324 866
324 894
324 908
324 972
325 542
325 544
325 719
325 784
325 882
325 930
326 398
326 477
326 572
326 628
326 669
326 730
326 767
326 793
326 805
327 377
327 416
327 564
327 814
327 851
327 983
328 456
328 467
328 484
328 557
328 705
328 851
328 873
328 981
329 334
329 355
329 401
329 494
329 547
329 575
329 642
329 664
329 715
329 779
329 818
329 903
329 981
330 530
330 627
330 660
330 727
330 805
330 807
330 953
330 977
331 551
331 748
331 767
331 791
331 867
331 916
332 393
332 668
332 738
332 986
333 336
333 380
333 563
333 754
333 933
333 936
333 997
334 482
334 496
334 546
334 565
334 642
334 693
334 805
334 859
334 881
335 547
335 585
335 626
335 690
335 726
335 764
335 832
336 487
336 655
336 705
336 707
336 835
336 956
336 995
337 419
337 517
337 577
337 579
337 743
337 934
337 994
338 442
338 476
338 537
338 992
339 341
339 483
339 497
339 590
339 637
339 643
339 706
339 837
339 941
339 958
340 593
340 698
340 800
340 862
340 890
341 941
341 982
342 542
342 543
342 655
343 510
343 601
343 647
344 364
344 373
344 377
344 409
344 425
344 549
344 661
344 903
345 522
345 531
345 750
346 362
346 522
346 631
346 840
347 388
347 477
347 578
347 697
347 715
347 756
347 760
347 975
348 353
348 583
348 599
348 818
348 941
348 966
349 488
349 773
349 928
349 984
350 408
350 514
350 529
350 624
350 672
350 930
351 419
351 429
351 515
351 623
351 983
352 383
352 397
352 526
352 580
352 688
352 701
352 810
352 897
352 901
352 971
353 521
353 755
353 869
354 410
354 617
354 690
354 785
354 850
354 946
355 503
355 565
355 835
356 424
356 482
356 668
356 692
356 735
356 797
356 918
357 467
357 525
357 576
357 625
357 715
357 860
357 914
357 956
358 439
358 455
358 531
358 617
358 687
358 736
358 879
358 903
358 982
359 425
359 451
359 655
359 766
359 946
360 386
360 522
360 641
360 730
360 752
360 775
360 797
360 839
360 988
360 998
361 393
361 446
361 536
361 541
361 842
361 846
361 936
362 434
362 574
362 697
362 961
363 453
363 461
363 483
363 564
363 580
363 668
363 758
363 919
364 760
364 890
364 977
365 387
365 438
365 458
365 461
365 471
365 474
365 478
365 485
365 949
365 963
366 413
366 609
366 742
366 757
366 773
366 977
366 980
367 408
367 509
367 511
367 549
367 658
367 703
367 983
368 430
368 980
368 995
369 660
369 894
369 901
369 924
370 461
370 665
370 677
370 683
370 788
370 846
371 387
371 441
371 504
371 549
371 635
371 637
371 687
371 864
371 874
372 530
372 548
372 740
372 825
372 956
372 976
373 444
373 624
373 776
373 894
373 917
373 965
374 380
375 596
375 613
375 736
375 860
376 502
376 520
376 546
376 909
376 966
377 385
377 471
377 521
377 888
378 456
378 505
378 693
378 793
378 833
378 881
379 415
379 442
379 638
380 387
380 499
380 759
380 765
380 816
381 437
381 543
381 633
381 824
381 827
382 406
382 420
382 595
382 832
382 976
382 994
383 498
383 539
383 706
383 841
383 844
384 413
384 586
384 783
384 824
384 831
384 966
384 996
385 500
385 580
385 752
386 444
386 596
386 611
386 625
386 692
386 831
386 951
386 996
387 475
387 748
387 759
387 792
387 860
387 897
387 928
388 557
388 653
388 669
388 761
388 901
388 906
388 939
388 946
389 420
389 444
389 514
389 612
389 823
390 419
390 465
390 478
390 773
390 778
391 473
391 567
391 623
391 629
391 651
391 813
391 962
391 992
392 562
392 610
392 721
392 731
392 744
392 949
393 401
393 407
393 423
393 559
393 571
393 572
393 800
393 814
393 849
393 978
394 431
394 512
394 528
394 608
394 764
394 818
394 967
395 450
395 557
395 674
395 806
395 875
395 983
396 450
396 826
397 466
397 503
397 642
397 742
397 880
397 952
397 959
397 976
398 804
398 867
398 909
398 948
398 998
399 581
399 614
399 792
399 814
399 904
399 982
400 494
400 660
400 662
400 736
400 763
400 923
401 406
401 538
401 554
401 557
401 570
401 762
402 508
402 519
402 657
402 859
402 885
402 897
402 987
403 454
403 466
403 486
403 518
403 624
403 859
403 983
403 984
404 428
404 497
404 646
404 686
404 878
405 550
405 739
405 858
405 915
405 974
406 477
406 850
406 999
407 408
407 632
407 738
407 986
408 538
408 685
408 697
408 904
408 964
409 507
410 649
410 974
411 412
411 494
411 546
411 555
411 662
411 679
411 727
411 797
411 994
412 489
412 508
412 797
412 798
413 574
413 612
413 643
413 679
413 703
413 726
413 783
413 865
413 867
413 934
414 478
414 490
414 550
414 646
414 852
414 853
414 869
415 630
415 635
415 639
415 854
415 909
415 937
416 478
416 502
416 559
416 620
416 646
416 724
416 792
416 844
417 603
417 655
417 748
417 750
417 758
417 800
417 810
417 933
418 420
418 471
418 506
418 628
418 643
418 653
418 827
418 874
418 960
418 972
418 984
419 425
419 436
419 437
419 506
419 682
419 705
419 824
420 567
420 595
420 610
420 724
420 758
420 784
420 812
420 850
421 436
421 499
421 583
421 599
421 675
421 698
421 829
421 852
421 888
421 918
421 931
421 982
422 528
423 468
423 554
423 562
423 624
423 695
423 699
423 759
423 956
424 565
424 569
425 510
425 750
425 790
425 883
425 966
425 970
426 620
426 652
426 776
426 874
427 446
427 474
427 494
427 618
427 699
427 720
427 791
427 811
427 814
428 590
428 594
428 705
428 773
428 920
428 939
428 970
429 449
429 560
429 655
429 747
429 791
429 815
429 817
430 486
430 643
430 878
430 946
431 484
431 557
431 564
431 629
431 656
431 786
432 567
432 571
432 666
432 710
432 716
432 722
432 855
433 577
433 583
433 634
433 754
433 761
434 452
434 614
434 841
434 859
434 893
434 913
434 965
435 485
435 529
435 779
435 798
435 822
435 996
436 447
436 585
436 601
436 716
436 761
436 854
436 896
436 957
437 626
437 674
437 984
438 453
438 539
438 682
438 893
438 985
439 610
439 787
439 971
440 492
440 512
440 567
440 632
440 781
440 791
440 925
441 447
441 499
441 513
441 519
441 733
442 488
442 726
442 814
443 473
443 537
443 681
443 743
443 951
444 571
444 669
444 682
445 519
445 599
445 685
445 847
445 864
445 912
445 919
445 920
446 670
446 677
446 772
447 492
447 799
447 839
447 939
447 947
448 449
448 457
448 616
448 650
449 541
449 998
450 461
450 532
450 582
450 725
450 871
450 986
451 543
451 592
451 630
451 688
451 742
451 771
451 789
451 804
451 853
452 556
452 672
452 676
452 866
453 552
453 625
453 890
454 714
454 768
454 824
454 855
454 975
455 942
455 994
456 526
456 659
456 721
456 808
456 851
456 873
457 790
457 847
457 856
458 632
458 687
458 708
458 757
458 897
458 988
459 529
459 926
459 950
459 985
460 544
460 556
460 567
460 583
460 587
460 768
460 773
460 776
460 898
460 904
460 989
461 499
461 654
461 814
461 999
462 493
462 515
462 906
463 485
463 740
463 768
463 955
464 602
464 709
464 932
464 974
465 517
465 636
465 769
465 833
465 853
466 513
466 534
466 570
466 580
466 625
466 627
466 650
466 699
466 798
466 820
467 543
467 656
467 676
467 877
467 901
467 953
468 517
468 656
468 668
468 799
468 968
469 535
469 588
469 651
469 655
469 711
469 830
469 855
469 904
470 685
470 733
470 785
470 872
471 535
471 549
471 632
471 755
471 780
472 524
472 694
472 826
472 881
472 936
472 993
473 488
473 759
473 777
473 825
473 839
473 970
474 597
474 601
474 716
474 744
474 951
475 591
475 689
475 744
475 781
475 795
475 830
476 504
476 539
476 569
476 803
476 886
477 617
477 697
477 775
477 800
477 886
477 908
478 564
478 746
478 944
478 984
479 559
479 656
479 977
480 645
480 833
480 864
480 868
480 900
480 917
481 505
481 700
481 854
481 932
481 940
482 548
482 689
482 721
483 532
483 561
483 581
483 650
483 887
483 998
484 513
484 893
484 910
484 919
485 486
485 597
485 767
486 538
486 543
486 728
486 794
486 910
486 983
487 524
487 614
487 644
487 816
488 706
488 758
489 594
489 797
489 866
489 971
489 995
490 534
490 594
490 654
490 695
490 911
490 975
491 530
491 706
491 878
492 514
492 575
492 584
492 600
492 665
492 673
492 718
492 766
492 951
493 579
493 587
493 737
493 823
493 950
493 953
494 508
494 566
494 684
494 774
494 787
494 834
494 937
495 522
495 577
495 597
495 941
496 663
496 979
497 782
498 591
498 598
498 886
499 610
500 551
500 616
500 695
500 789
500 791
500 869
501 542
501 646
501 652
501 683
501 685
501 733
501 862
502 543
502 668
502 778
502 782
502 795
502 928
502 969
502 982
503 610
503 787
504 560
504 593
504 686
504 966
505 507
505 768
505 787
505 821
505 828
505 920
506 647
506 685
506 727
506 878
507 572
507 640
507 647
507 846
507 867
507 923
508 630
508 685
508 691
508 751
508 871
509 980
510 553
510 638
510 662
510 819
510 853
510 964
511 557
511 591
511 605
511 710
511 781
512 565
512 686
512 809
512 880
512 978
513 523
513 579
513 602
513 650
513 740
513 921
513 955
514 517
514 709
515 685
515 838
515 872
516 553
516 606
516 645
516 669
516 748
516 752
516 782
516 968
517 525
517 579
517 756
518 567
518 614
518 665
518 799
518 802
518 855
518 917
518 923
519 657
519 789
519 857
519 881
519 898
520 625
520 681
520 817
520 829
520 901
520 924
521 535
521 549
521 586
521 694
522 645
522 689
522 697
522 826
523 696
523 721
523 854
523 877
523 907
523 942
523 944
524 878
524 983
525 554
525 610
525 815
525 816
525 844
526 553
526 696
526 972
527 537
527 541
527 606
527 608
527 642
527 687
527 694
527 805
528 549
528 598
528 922
528 989
529 632
529 743
529 759
529 814
529 850
530 797
531 563
531 587
531 637
531 684
531 819
531 874
531 935
532 602
532 996
533 679
533 886
533 960
534 537
534 563
534 569
534 767
534 865
534 988
535 675
535 704
535 890
536 705
536 870
536 921
536 933
537 548
537 561
537 604
537 660
537 762
537 822
538 619
538 663
538 764
538 833
538 918
538 932
539 809
540 597
540 651
540 663
540 927
541 573
541 701
541 743
541 964
542 566
542 585
542 695
542 714
542 721
542 769
542 808
543 605
543 708
543 735
543 839
543 919
543 944
544 554
544 615
544 668
544 677
544 681
544 725
544 729
544 809
544 933
544 983
545 645
545 665
545 921
545 935
547 553
548 847
548 905
548 939
549 616
549 767
549 788
549 945
549 999
550 657
550 803
550 808
550 955
550 960
550 984
551 647
551 701
551 818
551 833
551 843
551 871
551 875
552 730
552 986
553 557
553 638
553 971
553 996
554 603
554 703
554 902
555 723
555 818
555 825
555 888
555 980
555 990
556 558
556 566
556 677
556 948
557 724
557 854
558 862
558 923
559 802
559 897
559 934
560 630
560 661
560 841
560 906
561 580
561 839
561 842
561 869
562 660
562 792
563 753
563 761
563 773
563 786
563 926
563 935
564 746
564 749
564 816
564 903
564 943
564 998
565 595
565 627
565 750
565 779
565 856
565 966
566 611
566 707
566 885
567 579
567 583
567 744
567 886
568 591
568 619
568 748
568 796
568 900
569 904
569 938
569 972
570 608
570 614
570 734
570 777
570 864
570 913
571 577
571 585
571 726
571 823
572 644
572 657
572 722
572 831
572 946
573 615
573 630
573 660
573 760
573 825
574 660
574 693
574 729
574 956
575 781
576 793
577 603
577 776
578 581
578 774
578 828
578 981
578 985
578 997
579 607
579 615
579 630
579 642
579 683
579 720
579 760
579 971
580 601
580 682
580 808
580 891
580 935
581 868
581 887
581 984
582 805
582 807
582 953
583 600
583 923
584 699
584 752
584 849
584 903
584 975
585 648
585 672
585 690
585 774
585 793
585 806
585 821
585 846
585 937
585 978
586 736
586 986
587 690
587 866
587 971
588 902
588 936
589 848
590 676
590 866
590 952
591 704
591 903
591 968
592 940
593 645
593 698
593 791
593 877
594 894
594 923
595 628
595 971
596 776
596 970
596 976
597 608
597 632
597 699
597 799
597 825
597 880
597 899
597 977
599 664
599 684
599 779
600 612
600 636
600 773
601 639
601 653
601 706
601 736
601 757
602 721
602 799
602 949
603 703
603 812
603 827
603 886
604 677
604 778
604 901
605 643
605 658
605 726
605 832
606 830
606 890
607 757
607 765
607 789
607 867
607 882
607 932
608 651
608 681
608 747
608 775
608 953
609 690
609 801
610 661
610 785
610 877
610 884
610 931
610 965
610 980
611 712
611 723
611 835
611 886
611 888
611 920
612 770
612 779
612 921
612 988
613 703
613 748
613 752
613 811
613 841
613 843
613 881
614 645
614 764
614 875
614 901
615 821
615 890
615 932
616 679
616 903
616 957
616 970
617 715
617 848
617 904
617 969
618 630
618 642
618 730
618 829
618 832
618 844
618 905
618 980
619 695
619 746
619 766
619 807
619 836
619 876
619 943
620 758
620 906
620 911
620 984
621 720
621 897
621 958
622 811
622 817
622 875
623 659
623 721
623 729
623 730
623 779
623 856
623 879
623 984
624 650
624 732
624 813
624 960
624 997
625 636
625 822
625 868
625 885
625 906
625 973
625 994
626 699
626 761
626 925
627 737
627 882
627 925
628 701
628 766
628 802
628 929
628 990
629 909
629 972
630 632
630 704
630 720
630 881
630 905
631 662
631 687
631 796
631 809
631 851
631 878
632 665
632 695
632 728
632 758
632 762
632 851
632 864
633 668
633 760
633 841
633 948
634 848
634 872
634 879
635 707
635 781
635 796
635 996
635 997
636 737
636 746
636 790
636 806
637 805
637 997
638 820
638 886
639 895
640 646
640 826
640 926
641 906
641 919
641 949
642 749
642 777
643 663
643 713
643 773
643 887
643 996
644 660
644 685
644 716
644 758
644 984
645 672
645 702
645 723
645 826
645 847
646 717
646 756
646 938
647 875
647 942
648 813
648 854
648 961
649 684
649 701
649 713
649 809
649 975
650 661
650 664
650 668
650 734
650 806
650 930
650 954
651 783
651 839
651 855
651 945
651 993
652 747
652 890
652 893
654 750
654 983
655 876
656 756
656 766
656 937
657 669
657 730
658 660
658 829
659 695
659 696
659 726
659 737
659 827
659 838
659 887
660 670
660 941
661 833
661 926
661 963
662 780
662 815
662 985
664 956
665 779
665 784
665 813
665 869
665 927
665 959
666 674
666 745
666 870
666 918
667 795
667 824
667 898
667 947
668 942
669 670
669 681
669 703
669 722
669 769
670 855
670 871
670 904
670 953
671 731
671 861
671 936
672 711
672 883
672 919
673 861
674 748
674 757
674 964
675 764
675 791
675 972
676 810
676 840
677 758
677 812
677 971
678 705
678 714
678 734
678 825
678 908
679 702
679 816
679 938
679 979
680 722
680 749
680 752
680 869
680 928
680 990
681 845
681 866
682 770
682 782
682 862
683 704
683 736
683 742
683 856
683 984
683 995
684 865
684 976
684 983
684 984
685 762
685 888
685 943
686 940
687 698
687 781
687 881
687 894
687 918
689 741
689 826
689 962
689 966
690 699
690 713
690 741
690 841
690 917
690 986
691 800
691 872
691 969
691 978
692 843
692 875
693 772
693 836
693 898
693 988
694 748
694 765
695 714
695 753
695 853
695 876
695 904
696 700
696 799
696 994
697 737
697 883
697 895
697 897
697 900
697 943
698 704
698 906
699 739
699 951
700 717
700 920
700 943
701 717
701 730
701 733
701 761
701 790
701 802
701 998
702 715
702 786
702 797
702 931
703 800
703 832
703 887
703 928
704 733
704 779
704 830
704 839
705 718
705 729
705 784
705 812
705 877
705 945
706 826
706 908
707 817
707 873
707 886
707 952
708 721
708 732
708 940
708 959
709 970
710 808
710 856
710 880
710 914
711 838
713 886
713 943
714 802
714 967
714 979
715 772
715 922
715 977
716 763
716 870
716 896
716 911
717 846
717 955
719 747
719 850
719 902
720 733
720 829
721 804
721 867
721 898
723 758
723 828
723 842
723 846
723 890
724 754
724 800
724 868
724 897
724 901
724 911
724 921
724 955
726 891
726 931
728 928
728 934
728 961
729 739
729 831
729 917
729 960
729 986
730 825
730 835
730 975
731 853
731 968
731 994
733 738
733 853
733 861
733 896
734 913
734 973
735 837
735 927
736 746
736 858
737 800
738 748
738 769
738 866
738 902
739 879
740 877
740 878
740 892
740 978
740 992
741 744
741 783
741 832
741 898
742 804
742 946
743 906
743 999
744 916
745 779
745 973
746 797
746 800
747 912
747 920
747 976
747 982
748 851
748 858
748 907
749 776
749 851
750 965
750 978
750 982
751 806
751 834
751 875
752 764
752 895
752 947
753 898
753 901
753 984
753 988
754 814
754 917
755 833
755 987
756 785
756 866
757 876
757 918
758 992
759 951
760 862
760 882
761 785
761 926
761 977
762 950
762 967
763 829
763 855
764 768
764 773
764 776
764 878
764 923
764 929
764 932
765 817
765 864
765 884
765 981
766 905
766 916
766 957
767 843
767 911
768 816
768 850
768 855
768 858
768 870
772 851
772 998
773 906
773 919
774 943
775 819
775 890
775 893
776 804
776 844
776 892
776 977
777 934
778 860
779 799
779 899
780 793
780 810
780 890
780 952
781 831
781 875
781 894
782 838
782 934
783 855
783 873
784 819
784 972
784 985
785 791
785 944
786 818
786 915
786 935
786 945
787 791
787 808
787 824
787 858
787 859
787 994
788 974
789 949
789 973
790 804
790 860
790 871
791 795
791 924
792 794
792 808
792 870
792 904
792 924
793 921
794 807
794 890
794 949
794 999
796 890
797 922
798 885
798 979
798 996
800 840
800 887
801 856
801 865
801 878
801 952
803 833
804 805
804 904
805 811
806 916
807 822
807 835
808 944
808 976
809 867
809 909
810 938
810 950
811 921
811 995
812 986
813 814
813 860
813 863
815 842
815 945
815 984
815 986
815 990
816 830
816 836
816 863
817 842
817 852
817 897
817 950
817 995
818 970
819 834
819 883
821 840
821 849
822 874
822 895
822 973
823 862
823 960
824 848
824 849
824 918
825 934
825 966
826 838
826 962
827 957
828 857
828 975
829 870
829 912
829 936
829 949
831 859
831 903
831 954
831 958
831 963
832 987
833 951
834 884
836 954
836 983
836 991
838 885
839 906
839 968
839 994
842 877
842 945
842 976
843 934
844 849
844 855
844 999
845 882
846 865
846 918
846 996
847 891
848 963
849 942
850 926
850 932
850 948
851 922
852 908
854 856
854 915
855 892
855 896
856 882
857 867
857 910
857 936
859 934
859 958
860 965
860 967
860 971
862 867
862 888
862 917
862 958
863 914
864 990
865 945
866 906
866 927
866 947
866 984
867 913
867 923
868 912
869 872
869 896
869 950
871 914
872 896
872 933
872 955
872 971
874 900
874 906
874 942
875 927
876 941
877 973
881 924
881 958
883 989
887 915
888 956
892 985
892 988
894 927
894 975
895 922
896 918
896 938
896 955
897 951
898 938
899 928
901 923
901 939
901 948
901 963
902 967
902 979
903 977
904 976
905 916
905 922
905 923
905 952
907 951
909 936
910 980
910 981
912 933
913 940
914 919
915 962
916 981
917 932
917 951
917 952
917 983
918 968
919 964
919 970
920 993
922 931
922 966
922 974
923 926
923 952
923 980
926 989
927 935
928 982
928 984
930 968
930 998
931 943
932 934
934 942
943 954
945 955
945 988
945 996
946 958
949 987
950 961
955 957
956 995
959 998
961 994
962 974
964 982
968 989
974 986
985 991
991 998
