40 300 15
9 10
0 29
13 38
0 15
23 32
29 37
0 35
2 27
8 20
23 35
1 31
2 37
11 27
7 39
18 30
11 16
19 37
2 11
6 8
14 21
22 30
27 38
1 37
5 17
29 30
22 39
8 10
11 30
24 33
6 31
20 29
9 20
8 38
22 33
8 34
17 23
1 33
9 11
8 30
10 28
14 17
19 28
6 35
3 22
3 24
0 7
7 17
4 18
3 16
7 21
16 34
21 29
13 16
5 18
25 39
6 15
3 10
0 24
2 32
2 18
5 6
2 16
7 37
14 29
8 14
9 15
4 23
0 11
8 11
1 5
24 25
3 6
24 36
16 38
13 20
16 18
9 36
7 36
15 20
9 12
8 31
0 16
36 37
21 36
3 5
12 29
12 13
15 28
0 31
17 26
13 23
1 16
6 18
0 18
18 38
1 15
6 32
5 19
17 31
16 25
3 8
11 28
9 29
17 25
5 35
10 12
22 31
30 35
12 18
4 37
7 29
2 8
17 27
17 32
34 35
22 24
26 30
18 25
34 36
15 22
24 27
29 32
23 28
25 29
2 24
29 38
26 39
17 38
1 14
0 39
9 25
11 33
2 26
5 16
10 25
6 20
13 30
0 12
0 28
8 35
19 25
4 13
25 27
14 23
16 27
23 29
11 37
10 33
0 20
32 35
5 11
9 16
25 28
3 12
29 36
10 32
3 28
1 28
1 34
1 11
0 30
4 31
23 30
3 9
2 13
25 31
10 39
4 22
1 10
35 38
20 23
7 32
27 32
16 35
9 30
13 29
21 30
22 37
0 26
11 38
2 17
11 25
16 19
9 13
32 34
4 7
19 33
22 32
5 13
3 14
11 31
3 31
1 18
6 11
5 8
4 17
18 20
6 25
3 37
7 35
14 34
31 32
15 31
1 32
1 2
3 11
21 35
3 17
5 24
13 35
15 21
5 29
11 36
16 28
11 13
19 26
2 23
11 17
18 19
7 9
1 17
4 19
17 35
29 33
4 34
1 27
11 35
21 27
25 30
2 3
27 28
11 14
21 38
7 15
22 34
29 35
2 22
5 31
30 36
29 39
12 27
13 22
6 29
3 13
8 39
9 28
9 31
1 7
15 27
15 24
23 38
12 36
6 21
20 39
4 14
18 29
4 26
9 32
17 29
19 21
5 14
13 14
5 33
2 21
24 35
10 21
6 34
1 12
0 4
9 38
11 19
28 36
15 23
11 20
6 22
27 30
3 35
27 39
24 26
2 10
5 9
3 33
12 32
9 24
2 35
11 32
25 37
18 34
14 37
0 22
13 26
17 24
0 33
8 17
21 37
17 22
14 15
10 22
38 39
22 26
