50 900 20
8 45
42 49
9 45
21 31
11 12
15 33
6 46
23 24
10 25
9 42
16 38
11 32
21 39
11 18
32 42
20 34
13 47
1 13
9 35
2 42
30 48
21 36
13 35
2 35
34 45
18 42
19 41
4 25
23 30
0 10
22 33
27 38
5 34
9 25
37 44
2 41
2 24
23 31
10 45
1 2
20 21
12 15
11 16
3 19
22 23
14 15
0 36
24 28
11 20
19 44
11 35
20 37
3 11
13 34
3 16
43 48
3 26
28 36
4 29
33 39
13 37
9 33
16 33
7 42
28 47
13 26
14 16
19 47
15 44
29 30
3 22
8 16
44 45
3 23
11 26
2 7
23 32
29 35
14 47
46 49
25 49
2 25
38 40
12 26
34 37
1 40
11 27
18 40
7 27
13 24
29 33
5 10
3 21
0 33
0 3
12 19
6 25
15 46
29 34
36 40
37 38
9 40
21 44
2 49
19 40
15 25
21 40
5 17
7 20
20 48
17 20
3 42
13 22
10 32
26 32
13 39
19 22
22 44
4 34
8 43
7 32
6 19
35 37
32 49
31 32
7 14
31 39
6 44
12 33
36 48
22 43
25 42
15 38
26 29
30 44
9 10
11 46
2 16
14 45
22 40
31 45
7 22
21 47
4 43
17 41
20 47
44 47
28 45
9 38
2 34
29 46
36 46
8 34
1 8
12 13
18 49
3 49
1 34
10 35
18 32
11 39
16 36
2 37
5 43
7 29
34 47
4 8
33 35
33 49
3 29
0 7
9 49
8 47
21 25
17 40
32 48
31 36
18 46
11 15
42 47
22 36
11 34
16 30
0 5
0 21
2 5
27 49
21 23
28 29
18 47
14 31
23 34
27 43
3 46
18 33
10 24
10 49
29 42
31 40
27 33
24 27
5 28
5 39
6 32
11 40
43 45
27 45
11 30
37 40
1 28
33 46
40 49
10 39
18 21
1 25
0 40
6 20
18 45
26 44
11 33
18 34
17 49
25 31
21 33
5 8
7 13
21 38
7 25
28 39
40 47
37 39
14 30
18 35
26 31
15 47
25 32
3 24
21 43
10 11
10 33
2 18
19 28
6 7
23 44
24 43
5 37
11 17
15 22
17 37
36 44
10 22
13 28
6 22
25 27
3 45
1 31
24 39
16 27
2 45
11 49
19 34
14 48
8 38
34 46
5 46
12 37
24 41
7 9
44 49
24 49
10 43
46 47
16 41
8 19
14 29
21 24
34 49
12 14
8 44
4 15
30 32
8 11
5 29
5 49
32 40
1 45
13 40
24 35
2 43
6 15
16 22
3 43
35 49
9 18
4 49
10 17
1 11
16 21
13 27
4 12
16 32
1 35
16 29
33 43
2 44
16 49
27 47
26 36
2 19
33 41
38 41
5 15
7 26
10 40
11 44
2 22
23 40
31 37
39 45
2 12
10 48
8 31
15 28
2 28
1 37
20 22
20 31
2 46
14 24
26 34
2 20
34 41
4 37
22 49
7 10
6 29
8 42
4 36
33 40
22 24
0 28
4 41
16 47
27 31
28 30
25 39
17 35
18 20
18 38
28 44
12 28
14 34
30 42
44 46
38 43
35 47
25 34
17 44
13 45
19 29
0 23
14 25
14 42
19 37
17 19
27 44
0 13
5 31
0 8
4 19
24 29
20 32
20 29
10 23
44 48
34 38
6 45
10 34
5 19
5 13
7 24
16 35
8 30
22 42
31 35
32 47
5 12
26 37
18 19
11 22
1 6
23 38
24 46
23 36
36 38
8 24
2 38
29 31
3 40
1 26
8 14
15 21
6 24
4 46
6 16
7 21
3 13
11 19
2 36
19 20
8 33
7 39
43 49
15 18
16 26
36 39
21 49
13 15
3 20
13 14
13 25
30 49
27 36
30 33
22 45
16 39
16 44
40 48
47 48
2 15
4 5
23 35
10 41
32 36
9 22
34 43
35 43
3 35
27 32
21 45
4 20
41 45
18 29
20 27
9 44
26 47
17 38
15 49
5 32
0 43
14 46
8 29
8 40
28 33
21 30
1 49
19 36
23 49
5 47
21 48
30 36
21 22
17 34
6 11
1 15
12 44
3 17
5 33
24 38
22 35
8 46
25 29
2 48
30 38
35 44
41 47
9 19
1 42
14 17
15 26
3 5
14 20
17 47
42 46
7 36
38 44
12 22
33 48
21 37
2 27
15 34
2 4
35 46
2 9
0 22
17 24
25 35
19 30
4 10
4 40
2 3
36 43
5 25
6 47
14 37
9 34
2 31
7 34
15 41
18 43
33 36
2 6
27 37
3 9
6 14
22 41
36 45
12 31
10 29
13 18
3 31
7 23
4 45
18 31
30 37
6 34
31 34
27 35
4 6
30 34
12 38
18 26
0 29
12 25
25 43
28 48
3 36
4 44
0 18
38 47
23 42
32 39
24 34
34 40
4 9
18 27
19 38
3 4
9 26
19 42
31 38
32 41
1 9
0 35
12 20
45 48
40 41
0 12
10 27
38 49
22 47
2 11
0 41
7 17
3 28
11 38
11 45
11 37
0 4
7 47
2 26
8 37
0 49
28 49
27 28
6 8
23 37
1 29
35 45
17 31
14 41
4 21
5 7
8 27
16 34
21 29
31 44
12 17
0 39
10 13
10 42
18 30
26 42
30 47
6 27
29 45
14 21
8 13
19 32
1 43
42 44
20 40
15 16
20 36
42 48
6 40
17 39
9 12
1 21
19 23
13 21
40 42
4 11
13 19
18 37
39 47
27 34
5 21
37 49
13 38
1 18
15 48
31 33
14 35
41 49
13 46
18 25
10 30
14 36
6 37
6 21
4 22
18 22
22 39
9 37
26 39
7 30
4 14
28 42
32 33
29 43
22 31
15 29
19 48
33 42
13 23
20 45
1 7
16 42
13 17
20 41
5 18
22 37
2 30
25 41
5 41
16 46
9 23
31 47
33 44
9 48
16 20
5 26
34 42
12 24
6 35
6 26
2 29
23 47
9 36
4 24
13 42
19 35
15 20
0 38
14 44
4 35
26 48
4 48
24 47
15 42
35 42
39 43
39 46
18 23
14 23
12 48
40 46
2 21
25 45
19 26
5 27
26 38
26 49
9 13
7 41
15 23
11 23
32 44
13 43
0 46
9 17
6 12
5 38
7 15
17 43
31 42
29 40
8 25
7 33
29 48
10 46
17 36
0 26
26 35
11 41
10 18
28 32
3 39
28 40
9 14
3 6
9 43
29 44
10 12
18 48
0 1
23 33
5 16
34 35
0 45
3 38
41 44
3 34
1 14
23 48
8 10
3 37
9 39
24 44
8 22
8 35
4 16
28 31
21 27
20 24
20 35
7 31
42 43
9 31
28 38
11 36
18 39
16 24
13 41
25 36
2 13
12 30
26 33
13 33
4 26
25 38
0 11
35 36
7 18
13 32
1 17
43 47
41 42
14 26
19 33
30 31
30 45
27 40
4 30
12 40
0 17
13 48
1 24
12 49
23 41
4 28
10 28
5 40
12 36
32 45
28 35
17 45
33 34
12 35
10 16
5 24
17 32
5 14
10 20
2 40
48 49
8 49
19 46
3 25
12 21
4 33
15 24
8 48
8 36
15 37
33 47
24 33
17 22
20 42
17 27
6 38
33 37
15 27
33 45
3 12
0 34
7 44
1 3
4 18
16 17
37 41
23 29
1 38
15 43
8 17
46 48
0 25
8 26
17 30
7 45
6 48
0 48
27 41
18 28
12 34
25 40
20 26
11 29
10 31
4 23
14 22
28 41
30 43
24 25
25 28
14 49
10 21
37 45
13 29
23 27
20 38
16 23
17 25
32 46
7 8
9 16
12 29
0 30
26 43
5 23
6 31
5 22
17 48
1 12
14 39
26 27
0 20
25 26
23 26
15 35
6 18
9 21
2 23
23 46
37 43
12 42
32 43
26 28
41 43
15 19
11 28
28 37
12 46
0 9
36 41
17 28
29 32
10 47
24 36
5 20
1 22
16 37
14 28
1 27
16 48
41 48
3 44
6 33
39 40
