100 600 20
0 16
0 38
0 2
0 99
0 24
0 51
0 63
0 6
0 21
0 75
0 88
0 37
0 64
0 43
1 92
1 55
1 48
1 33
1 67
1 10
1 24
1 51
1 99
1 35
1 56
1 86
2 74
2 24
2 11
2 31
2 59
2 5
2 34
2 45
2 93
2 60
2 47
2 46
2 65
3 96
3 88
3 39
3 30
3 42
3 17
3 35
3 64
3 77
4 39
4 22
4 58
4 36
4 25
4 74
5 98
5 51
5 52
5 76
5 15
5 46
5 87
5 81
5 74
5 16
5 30
5 33
5 40
5 88
5 35
6 76
6 47
6 28
6 65
6 23
6 53
6 18
6 56
6 45
6 38
7 44
7 98
7 63
7 25
7 24
7 46
7 29
7 86
7 34
7 32
7 75
7 71
7 12
7 94
7 88
8 98
8 99
8 94
8 83
8 72
8 46
8 34
8 28
8 55
8 78
8 66
8 73
9 21
9 68
9 26
9 77
9 40
9 10
9 64
9 37
9 11
10 36
10 87
10 19
10 37
10 25
10 16
10 66
10 35
10 20
10 88
10 51
11 26
11 31
11 56
11 53
11 83
11 50
11 82
11 67
11 41
11 37
11 89
12 56
12 61
12 96
12 98
12 75
12 36
12 74
12 14
12 60
12 20
12 77
12 92
12 17
12 78
12 67
12 26
13 27
13 37
13 83
13 71
13 38
13 51
13 65
13 93
13 19
13 35
13 18
14 88
14 15
14 38
14 53
14 70
14 20
15 31
15 53
15 83
15 91
15 97
15 30
15 79
15 56
15 89
15 44
15 23
16 76
16 72
16 93
16 48
16 35
16 54
16 71
16 51
16 27
16 39
17 70
17 58
17 74
17 87
17 72
17 38
17 19
17 92
17 66
17 42
17 68
17 44
18 29
18 91
18 70
18 21
18 50
18 95
18 49
18 87
18 77
18 22
18 74
18 46
18 48
18 78
18 51
19 37
19 23
19 59
19 72
19 39
19 76
19 40
19 35
20 40
20 99
20 91
20 81
20 28
20 64
20 68
20 77
20 29
20 41
20 96
20 74
20 70
20 67
21 25
21 58
21 60
21 51
21 35
21 90
21 40
21 70
21 23
21 96
22 95
22 67
22 25
22 78
22 89
22 71
22 97
22 47
22 94
23 75
23 56
23 91
23 90
23 95
23 60
23 58
23 28
23 29
24 82
24 67
24 72
24 66
24 45
24 83
24 94
24 68
25 98
25 57
25 91
25 81
25 72
25 44
26 33
26 91
26 58
26 86
26 44
26 70
26 65
26 60
26 82
27 66
27 28
27 73
27 29
27 61
28 40
28 47
28 75
28 37
28 86
28 35
28 90
28 56
28 70
28 94
28 42
28 52
29 83
29 95
29 30
29 99
30 95
30 57
30 56
30 52
30 77
30 98
30 74
30 51
30 85
30 84
31 89
31 84
31 82
31 39
31 59
31 41
31 48
32 76
32 61
32 89
32 66
32 90
33 64
33 41
33 72
33 73
33 47
33 69
33 88
33 68
33 93
34 46
34 89
34 76
34 48
34 38
34 50
34 73
34 56
35 93
35 82
35 76
35 43
35 55
35 97
35 38
35 98
35 80
36 46
36 51
36 86
36 77
36 90
36 95
36 81
36 76
36 41
36 88
37 39
37 69
37 70
37 84
37 98
37 87
37 96
37 63
37 80
38 85
38 60
38 65
38 50
38 88
38 73
39 46
39 40
39 71
39 84
39 92
39 82
39 52
39 78
39 63
39 76
39 41
39 62
39 86
39 66
40 76
40 50
40 82
40 78
40 66
40 90
40 98
41 42
41 50
41 98
41 59
41 44
42 87
42 89
42 62
42 90
42 64
42 71
43 86
43 56
43 87
43 96
43 89
43 48
44 94
44 56
44 85
44 52
44 74
44 84
44 83
45 47
45 52
45 94
45 83
45 46
45 87
45 85
45 91
46 80
46 75
46 81
47 90
47 59
47 96
47 91
47 71
47 95
47 92
47 52
47 79
48 80
48 75
48 65
48 94
48 58
48 51
48 68
49 90
49 81
49 99
49 91
49 76
50 68
50 92
50 88
50 75
50 51
50 64
50 81
50 90
50 57
50 58
51 86
51 85
51 93
51 67
51 75
51 98
51 57
51 87
52 66
52 73
52 95
52 76
52 99
52 71
52 86
52 85
52 96
52 83
53 57
53 89
53 68
53 96
54 93
54 68
54 94
54 55
54 81
55 56
55 72
55 94
56 72
56 57
56 89
56 96
56 66
56 65
57 86
57 93
57 94
57 96
58 88
58 89
58 85
58 72
59 67
59 63
60 99
60 97
60 67
60 84
60 71
61 65
61 84
61 63
61 75
62 67
62 90
62 72
62 94
62 78
62 65
62 85
63 88
63 71
63 79
63 92
63 72
64 67
64 84
64 78
65 87
65 69
65 80
65 67
65 90
66 89
66 84
66 88
66 97
67 91
67 81
67 96
68 84
68 95
68 81
69 90
69 95
70 91
70 90
70 97
70 93
70 92
70 75
71 90
71 98
71 81
72 85
72 92
72 79
72 97
73 89
73 99
74 94
74 87
74 83
74 77
75 79
75 87
77 95
78 95
78 98
78 89
78 88
78 79
79 88
79 86
80 83
80 98
81 95
82 95
83 96
84 88
88 99
88 98
91 99
92 99
93 99
95 97
