100 1923 50
0 79
0 41
0 25
0 15
0 88
0 47
0 18
0 45
0 76
0 28
0 5
0 94
0 68
0 91
0 64
0 81
0 6
0 38
0 33
0 87
0 67
0 48
0 77
0 29
0 57
0 9
0 80
0 24
0 43
0 98
0 37
0 60
0 54
0 99
0 30
0 23
0 49
0 7
0 13
0 42
0 71
0 73
1 69
1 18
1 13
1 48
1 75
1 76
1 98
1 66
1 51
1 55
1 71
1 91
1 65
1 8
1 30
1 59
1 7
1 83
1 37
1 84
1 16
1 45
1 85
1 28
1 41
1 77
1 54
1 19
1 39
1 14
1 25
1 61
1 11
1 88
1 29
1 15
1 10
2 83
2 94
2 65
2 97
2 42
2 82
2 26
2 90
2 85
2 24
2 30
2 8
2 69
2 98
2 20
2 66
2 93
2 29
2 48
2 99
2 38
2 62
2 21
2 60
2 59
2 70
2 35
2 91
2 17
2 75
2 15
2 51
2 74
2 47
3 98
3 37
3 50
3 83
3 82
3 78
3 12
3 35
3 27
3 62
3 11
3 47
3 33
3 88
3 54
3 81
3 14
3 79
3 66
3 38
3 6
3 63
3 26
3 76
3 49
3 28
3 8
3 91
3 73
3 86
3 53
3 15
3 45
3 58
3 21
3 57
3 70
3 84
3 52
3 41
3 34
3 94
3 64
3 48
3 46
3 4
4 52
4 21
4 87
4 63
4 27
4 71
4 60
4 45
4 64
4 5
4 37
4 12
4 75
4 56
4 18
4 72
4 91
4 25
4 31
4 54
4 95
4 81
4 66
4 14
4 59
4 41
4 77
4 50
4 99
4 17
4 94
4 7
4 13
4 24
4 46
4 28
4 73
4 29
4 8
4 40
5 27
5 86
5 41
5 58
5 49
5 63
5 26
5 93
5 22
5 18
5 31
5 82
5 91
5 67
5 89
5 9
5 39
5 98
5 14
5 13
5 10
5 46
5 38
5 76
5 62
5 45
5 44
5 15
5 66
5 95
5 97
5 36
5 37
5 65
5 16
5 47
5 54
6 93
6 13
6 12
6 61
6 58
6 57
6 67
6 77
6 11
6 94
6 86
6 68
6 89
6 99
6 73
6 35
6 55
6 83
6 27
6 28
6 17
6 49
6 82
6 51
6 54
6 66
6 95
6 18
6 81
6 47
6 96
6 30
6 36
6 45
6 91
7 96
7 43
7 77
7 93
7 21
7 50
7 30
7 72
7 95
7 40
7 44
7 36
7 90
7 19
7 70
7 51
7 86
7 47
7 37
7 63
7 58
7 38
7 23
7 32
7 18
7 20
7 45
7 80
8 57
8 45
8 30
8 56
8 85
8 61
8 75
8 15
8 24
8 34
8 14
8 23
8 74
8 67
8 36
8 94
8 68
8 9
8 91
8 17
8 33
8 81
8 52
8 21
8 82
8 38
8 70
8 51
8 19
8 44
8 40
8 20
8 59
8 98
8 72
8 77
8 29
8 90
8 26
8 78
8 46
9 82
9 88
9 89
9 48
9 47
9 93
9 15
9 78
9 79
9 36
9 17
9 45
9 38
9 18
9 29
9 39
9 11
9 91
9 77
9 24
9 58
9 63
9 66
9 33
9 59
9 84
9 87
9 73
9 57
9 40
9 69
9 83
9 34
9 61
9 54
9 52
9 37
9 98
9 50
9 64
9 32
9 80
10 44
10 35
10 81
10 77
10 76
10 51
10 97
10 89
10 72
10 19
10 38
10 48
10 36
10 86
10 34
10 75
10 22
10 12
10 71
10 92
10 25
10 88
10 90
10 33
10 79
10 47
10 39
10 93
10 14
10 43
10 57
10 62
10 63
10 60
10 61
10 16
10 45
10 68
10 94
11 59
11 58
11 20
11 74
11 67
11 91
11 31
11 63
11 22
11 66
11 80
11 29
11 82
11 12
11 89
11 37
11 42
11 28
11 53
11 99
11 41
11 84
11 64
11 47
11 16
11 50
11 78
11 86
11 98
11 52
11 44
11 39
11 88
11 71
11 90
12 14
12 22
12 57
12 36
12 70
12 65
12 92
12 98
12 59
12 58
12 16
12 78
12 96
12 53
12 38
12 40
12 71
12 55
12 73
12 37
12 60
12 47
12 30
12 17
12 82
12 77
12 19
12 72
12 44
12 45
12 79
12 61
12 81
12 34
13 17
13 76
13 75
13 98
13 99
13 65
13 26
13 84
13 54
13 43
13 18
13 37
13 15
13 92
13 32
13 41
13 59
13 57
13 74
13 27
13 23
13 48
13 52
13 90
13 58
13 49
13 40
13 14
14 94
14 83
14 61
14 75
14 26
14 98
14 72
14 71
14 77
14 86
14 60
14 88
14 30
14 84
14 67
14 16
14 29
14 63
14 27
14 31
14 51
14 66
14 37
14 97
14 82
14 20
14 80
14 32
14 25
14 62
14 45
14 65
14 44
14 57
14 40
14 95
14 46
14 48
14 38
15 16
15 79
15 47
15 55
15 98
15 78
15 58
15 82
15 50
15 70
15 29
15 28
15 18
15 42
15 39
15 67
15 99
15 51
15 96
15 85
15 19
15 94
15 80
15 62
15 17
15 34
15 57
15 65
15 56
15 76
15 52
15 69
15 93
15 73
16 87
16 26
16 18
16 59
16 65
16 56
16 74
16 23
16 76
16 81
16 78
16 77
16 54
16 60
16 51
16 97
16 17
16 41
16 35
16 93
16 80
16 98
16 73
16 91
16 29
16 45
16 64
16 92
16 90
16 94
16 31
16 28
16 55
16 52
16 84
17 37
17 72
17 59
17 22
17 32
17 19
17 26
17 69
17 92
17 55
17 33
17 84
17 20
17 31
17 53
17 24
17 21
17 30
17 51
17 82
17 27
17 90
17 85
17 80
17 77
17 67
17 64
17 54
17 88
17 34
17 56
17 81
17 38
17 93
17 36
18 95
18 85
18 48
18 89
18 34
18 76
18 99
18 84
18 91
18 80
18 77
18 68
18 38
18 22
18 73
18 74
18 30
18 21
18 61
18 35
18 29
18 93
18 24
18 65
18 56
18 87
18 45
18 64
19 62
19 28
19 41
19 36
19 61
19 51
19 69
19 22
19 77
19 20
19 29
19 72
19 37
19 35
19 89
19 46
19 65
19 38
19 63
19 66
19 80
19 44
19 92
19 84
19 31
19 82
19 21
19 78
19 34
19 81
19 25
19 60
19 87
20 29
20 51
20 36
20 80
20 65
20 96
20 56
20 76
20 45
20 58
20 99
20 83
20 35
20 70
20 77
20 71
20 75
20 82
20 97
20 49
20 74
20 24
20 42
20 25
20 91
20 85
20 66
20 72
20 30
20 90
20 53
20 92
20 55
21 36
21 79
21 32
21 46
21 22
21 40
21 31
21 73
21 44
21 81
21 87
21 43
21 97
21 91
21 90
21 51
21 58
21 71
21 86
21 85
21 82
21 75
21 95
22 42
22 26
22 86
22 65
22 83
22 29
22 50
22 93
22 91
22 97
22 90
22 44
22 33
22 74
22 67
22 41
22 99
22 98
22 68
22 96
22 73
22 62
22 87
22 52
22 51
22 79
22 71
22 45
22 63
22 43
22 48
22 80
22 61
22 85
23 35
23 67
23 69
23 31
23 65
23 46
23 50
23 34
23 64
23 70
23 89
23 30
23 93
23 57
23 97
23 53
23 82
23 54
23 59
23 90
23 27
24 48
24 96
24 82
24 58
24 37
24 76
24 69
24 52
24 91
24 70
24 47
24 62
24 93
24 75
24 31
24 45
24 43
24 81
24 59
24 94
24 46
24 60
24 51
24 85
24 77
25 98
25 94
25 99
25 93
25 91
25 33
25 92
25 47
25 53
25 37
25 79
25 75
25 59
25 46
25 40
25 68
25 71
25 97
25 28
25 74
25 50
25 83
25 84
25 87
26 54
26 80
26 33
26 43
26 75
26 73
26 81
26 29
26 91
26 46
26 83
26 89
26 32
26 98
26 88
26 51
26 71
26 36
26 95
26 63
26 66
26 97
26 84
27 89
27 60
27 37
27 46
27 92
27 28
27 96
27 51
27 78
27 30
27 82
27 64
27 77
27 86
27 69
27 91
27 71
27 68
27 80
27 99
27 57
27 55
27 35
27 38
27 94
27 67
27 54
27 75
27 50
28 95
28 46
28 33
28 88
28 77
28 64
28 92
28 84
28 32
28 76
28 86
28 75
28 44
28 61
28 96
28 56
28 51
28 39
28 29
28 89
28 50
28 62
28 78
28 48
28 60
28 99
28 58
28 68
29 68
29 41
29 61
29 90
29 72
29 75
29 33
29 62
29 83
29 98
29 66
29 67
29 93
29 74
29 89
29 50
29 69
29 36
29 54
29 35
29 81
29 47
29 85
29 42
29 60
29 32
30 53
30 99
30 87
30 89
30 62
30 75
30 42
30 66
30 82
30 40
30 41
30 90
30 64
30 55
30 52
30 39
30 31
30 69
30 35
30 93
30 72
30 71
30 44
30 79
30 38
30 61
30 33
31 37
31 58
31 82
31 44
31 50
31 68
31 73
31 78
31 98
31 39
31 32
31 35
31 91
31 49
31 62
31 65
31 80
31 75
31 48
31 89
31 38
31 54
31 40
31 55
31 43
31 56
31 99
31 88
31 86
31 63
31 33
31 47
31 67
31 52
31 77
31 95
31 81
31 69
32 92
32 89
32 50
32 33
32 45
32 64
32 87
32 65
32 82
32 61
32 46
32 98
32 69
32 83
32 73
32 94
32 53
32 49
32 86
32 70
32 66
32 75
32 63
32 47
32 39
33 53
33 43
33 52
33 37
33 69
33 65
33 40
33 42
33 66
33 51
33 57
33 97
33 35
33 93
33 90
33 95
33 73
33 62
33 80
33 72
33 84
33 85
33 61
33 75
33 64
33 60
33 54
34 66
34 84
34 47
34 90
34 72
34 63
34 78
34 36
34 85
34 62
34 81
34 42
34 37
34 80
34 53
34 67
34 88
34 73
34 69
34 35
34 43
34 94
34 52
34 56
34 70
35 36
35 40
35 43
35 52
35 85
35 56
35 47
35 70
35 77
35 92
35 37
35 81
35 78
35 93
35 53
35 65
35 62
35 76
35 68
35 89
35 82
35 90
35 80
35 41
36 67
36 88
36 80
36 86
36 56
36 92
36 54
36 61
36 55
36 59
36 38
36 83
36 39
36 89
36 79
36 65
36 87
36 76
36 51
36 98
36 70
37 95
37 78
37 66
37 56
37 91
37 50
37 98
37 61
37 81
37 80
37 53
37 77
37 45
37 46
37 43
37 63
37 87
37 97
37 72
37 62
37 79
38 50
38 60
38 58
38 56
38 82
38 71
38 76
38 98
38 88
38 96
38 85
38 47
38 80
38 66
38 83
38 48
38 64
38 91
38 94
38 99
38 69
39 51
39 47
39 55
39 98
39 95
39 76
39 89
39 40
39 68
39 41
39 60
39 85
39 61
39 71
39 56
39 87
39 90
39 88
39 92
39 49
39 45
39 81
39 79
39 54
40 43
40 41
40 42
40 77
40 46
40 47
40 97
40 63
40 91
40 67
40 92
40 49
40 55
40 66
40 86
40 71
40 60
40 53
40 84
40 99
40 64
40 58
40 69
40 52
40 51
41 65
41 86
41 51
41 85
41 68
41 62
41 92
41 98
41 55
41 82
41 56
41 53
41 81
41 59
41 58
41 75
41 70
41 52
41 72
41 63
41 45
41 84
41 47
41 57
41 73
41 87
42 50
42 61
42 53
42 48
42 63
42 90
42 55
42 62
42 45
42 56
42 87
42 73
42 75
42 93
42 54
42 99
42 58
42 86
42 66
42 88
42 72
42 89
42 59
42 51
42 96
42 81
42 80
43 93
43 98
43 53
43 68
43 82
43 46
43 78
43 97
43 77
43 62
43 51
43 88
43 87
43 44
43 55
43 94
43 67
43 90
43 79
43 45
43 92
43 47
43 59
43 76
43 66
43 57
44 97
44 66
44 51
44 57
44 48
44 54
44 93
44 92
44 86
44 46
44 78
44 91
44 61
44 73
44 83
44 98
44 71
44 89
44 67
44 69
44 62
44 90
44 45
44 53
44 50
45 97
45 74
45 83
45 50
45 73
45 94
45 78
45 77
45 76
45 58
45 60
45 98
45 64
45 68
45 51
45 48
45 69
45 80
45 46
45 82
45 70
45 59
45 71
45 57
45 86
45 89
46 48
46 56
46 61
46 57
46 71
46 87
46 62
46 98
46 81
46 93
46 91
46 49
46 54
46 59
46 67
46 77
46 55
46 76
46 94
47 57
47 71
47 95
47 68
47 79
47 52
47 74
47 49
47 99
47 80
47 61
47 78
47 90
47 51
47 63
47 59
47 53
47 83
48 83
48 76
48 65
48 85
48 57
48 79
48 59
48 95
48 64
48 70
48 52
48 60
48 53
48 99
48 87
48 77
48 63
48 89
48 91
49 74
49 63
49 71
49 81
49 58
49 70
49 75
49 92
49 69
49 60
49 65
49 89
49 56
49 86
49 79
49 83
49 67
49 51
49 80
49 88
49 52
50 55
50 95
50 60
50 63
50 59
50 85
50 78
50 76
50 67
50 97
50 51
50 86
50 84
50 69
50 88
50 58
50 92
50 98
50 54
50 61
50 65
50 66
50 82
51 81
51 94
51 72
51 62
51 83
51 58
51 96
51 89
51 85
51 97
51 88
51 61
51 98
51 68
51 75
51 80
51 76
52 75
52 81
52 82
52 58
52 54
52 66
52 91
52 92
52 99
52 90
52 86
52 74
52 73
52 61
52 94
52 98
52 67
52 76
52 57
53 90
53 96
53 82
53 85
53 76
53 69
53 81
53 72
53 74
53 60
53 62
53 70
53 67
53 94
53 78
54 81
54 85
54 96
54 87
54 97
54 76
54 65
54 66
54 83
54 68
54 77
55 77
55 59
55 75
55 60
55 80
55 85
55 93
55 78
55 73
55 83
55 72
55 64
55 79
55 69
56 60
56 80
56 59
56 66
56 85
56 72
56 63
56 81
56 82
56 88
56 83
56 76
56 73
56 90
56 74
56 61
56 93
56 65
57 72
57 83
57 77
57 70
57 99
57 68
57 63
57 62
57 71
57 75
57 95
57 60
57 80
57 87
57 58
57 88
57 74
57 93
57 61
57 96
57 79
58 65
58 86
58 74
58 93
58 85
58 97
58 77
58 71
58 67
58 88
58 68
59 67
59 64
59 71
59 66
59 85
59 80
59 91
59 98
59 97
59 76
59 61
59 78
59 92
60 74
60 64
60 86
60 62
60 90
60 95
60 94
60 76
60 81
60 85
60 75
60 70
60 88
60 87
60 99
60 83
60 91
60 96
60 98
60 84
61 82
61 86
61 73
61 66
61 97
61 78
61 89
61 72
61 65
61 94
61 88
61 76
61 67
61 75
62 97
62 69
62 98
62 84
62 95
62 67
62 91
62 70
62 76
62 94
62 90
62 93
62 78
62 88
62 68
63 99
63 72
63 86
63 91
63 93
63 70
63 96
63 75
63 81
63 64
63 85
63 79
63 67
63 76
63 71
63 84
64 78
64 71
64 73
64 86
64 68
64 81
64 72
64 79
64 90
64 66
64 85
64 80
64 88
64 94
64 70
64 99
64 82
65 88
65 68
65 94
65 80
65 74
65 79
65 72
65 82
65 73
65 67
65 95
65 81
65 86
66 99
66 73
66 75
66 68
66 95
66 80
66 94
66 87
66 89
66 90
66 79
66 97
66 67
67 95
67 86
67 89
67 81
67 76
67 99
67 87
67 69
68 77
68 70
68 97
68 78
68 73
68 87
68 86
68 85
68 82
69 92
69 84
69 73
69 81
69 86
69 98
69 76
69 82
69 93
69 79
69 97
70 71
70 77
70 97
70 95
70 80
70 79
70 86
70 84
70 83
70 85
70 92
71 91
71 93
71 86
71 97
71 87
71 72
71 80
71 98
71 92
71 76
71 75
71 81
71 96
72 93
72 84
72 96
72 79
72 89
72 94
72 80
72 75
72 87
72 98
73 78
73 75
73 80
73 95
73 90
73 76
73 86
73 96
73 97
74 97
74 87
74 81
74 98
74 85
74 76
74 99
74 80
75 92
75 88
75 91
75 87
75 90
75 84
75 78
75 86
76 99
76 80
76 81
76 85
76 89
76 95
76 98
77 82
77 79
77 86
77 96
77 80
77 84
77 88
77 98
78 94
78 99
78 93
78 80
78 89
78 83
78 88
79 98
79 89
79 81
79 99
79 80
79 85
79 94
80 90
80 99
80 84
80 83
80 81
80 91
81 89
81 85
81 99
81 88
81 82
82 98
82 87
82 86
82 84
82 99
82 94
82 91
83 91
83 90
83 99
83 96
83 98
83 92
84 87
84 92
84 85
84 93
84 97
84 88
84 99
85 97
85 96
85 98
85 90
86 87
86 92
86 90
86 89
86 97
86 99
87 99
87 89
87 94
87 91
88 94
88 91
88 98
88 97
88 92
88 96
90 99
90 94
90 98
90 97
91 93
92 99
92 95
92 96
93 99
93 98
94 95
96 98
96 97
