50 612 38
0 3
0 4
0 5
0 7
0 9
0 12
0 13
0 16
0 21
0 24
0 25
0 26
0 27
0 28
0 34
0 35
0 40
0 46
0 49
1 5
1 6
1 9
1 10
1 12
1 13
1 15
1 16
1 17
1 19
1 20
1 21
1 24
1 28
1 29
1 30
1 33
1 35
1 38
1 42
1 43
1 45
1 46
1 47
1 48
1 49
2 3
2 6
2 8
2 9
2 10
2 11
2 12
2 14
2 16
2 18
2 21
2 26
2 30
2 34
2 36
2 39
2 40
2 41
2 42
2 43
2 44
2 45
2 46
2 49
3 6
3 7
3 8
3 13
3 14
3 15
3 16
3 17
3 19
3 23
3 25
3 31
3 32
3 33
3 34
3 36
3 37
3 38
3 39
3 40
3 44
3 45
3 48
4 6
4 8
4 12
4 14
4 15
4 16
4 17
4 18
4 19
4 21
4 26
4 29
4 30
4 32
4 33
4 35
4 39
4 45
4 46
4 49
5 7
5 9
5 10
5 11
5 12
5 16
5 18
5 19
5 20
5 23
5 24
5 26
5 27
5 29
5 30
5 31
5 32
5 39
5 40
5 41
5 42
5 43
5 44
5 45
5 46
5 47
5 48
5 49
6 7
6 9
6 10
6 13
6 14
6 16
6 17
6 18
6 19
6 23
6 26
6 27
6 29
6 30
6 32
6 35
6 40
6 41
6 43
6 45
7 8
7 9
7 10
7 11
7 13
7 14
7 15
7 16
7 17
7 21
7 22
7 23
7 24
7 26
7 27
7 28
7 29
7 30
7 34
7 37
7 39
7 40
7 42
7 44
7 45
8 9
8 10
8 14
8 15
8 17
8 19
8 21
8 23
8 24
8 26
8 27
8 28
8 29
8 30
8 33
8 36
8 39
8 40
8 41
8 47
9 11
9 12
9 13
9 14
9 15
9 17
9 18
9 19
9 22
9 24
9 26
9 27
9 30
9 31
9 32
9 33
9 35
9 36
9 37
9 40
9 41
9 45
9 46
9 48
10 11
10 12
10 13
10 15
10 16
10 17
10 18
10 20
10 24
10 25
10 28
10 31
10 32
10 33
10 34
10 37
10 38
10 40
10 42
10 44
10 46
10 49
11 14
11 15
11 16
11 17
11 23
11 24
11 28
11 32
11 34
11 35
11 36
11 39
11 43
11 47
11 49
12 13
12 14
12 15
12 16
12 18
12 19
12 21
12 22
12 25
12 26
12 28
12 29
12 32
12 34
12 36
12 37
12 40
12 41
12 43
12 45
12 47
12 49
13 14
13 15
13 16
13 17
13 18
13 19
13 21
13 22
13 23
13 24
13 26
13 28
13 30
13 31
13 34
13 35
13 36
13 39
13 41
13 44
13 45
13 46
13 47
13 49
14 15
14 17
14 21
14 23
14 24
14 26
14 27
14 30
14 31
14 32
14 33
14 37
14 38
14 39
14 44
14 46
14 47
14 48
14 49
15 16
15 17
15 19
15 20
15 21
15 22
15 26
15 28
15 29
15 30
15 38
15 45
15 48
16 18
16 19
16 20
16 22
16 23
16 24
16 26
16 27
16 28
16 29
16 32
16 34
16 35
16 38
16 40
16 42
16 43
16 44
16 45
16 46
16 47
16 49
17 19
17 22
17 23
17 28
17 29
17 30
17 31
17 35
17 36
17 37
17 38
17 39
17 42
17 43
17 44
17 49
18 20
18 22
18 28
18 29
18 30
18 31
18 34
18 35
18 36
18 37
18 38
18 41
18 43
18 45
18 47
18 49
19 22
19 23
19 24
19 25
19 26
19 29
19 31
19 32
19 34
19 36
19 40
19 42
19 43
19 46
19 47
19 48
20 22
20 25
20 27
20 28
20 33
20 36
20 38
20 39
20 40
20 41
20 42
20 43
20 44
20 45
20 46
20 47
21 25
21 27
21 28
21 31
21 32
21 33
21 37
21 38
21 40
21 41
21 42
21 43
21 45
21 49
22 23
22 24
22 25
22 26
22 29
22 31
22 36
22 37
22 38
22 42
22 43
22 46
22 47
22 49
23 28
23 36
23 37
23 40
23 42
23 44
23 45
23 46
23 49
24 25
24 26
24 29
24 30
24 31
24 32
24 33
24 34
24 36
24 40
24 43
24 44
24 47
24 49
25 26
25 27
25 29
25 30
25 32
25 38
25 40
25 41
25 42
25 43
25 44
25 47
26 28
26 29
26 32
26 38
26 39
26 40
26 44
26 47
26 48
26 49
27 31
27 34
27 36
27 38
27 39
27 40
27 44
27 47
27 49
28 31
28 35
28 38
28 40
28 42
28 44
28 47
28 48
28 49
29 30
29 31
29 35
29 38
29 39
29 42
29 47
29 49
30 31
30 32
30 35
30 37
30 38
30 41
30 45
30 48
31 36
31 37
31 40
31 42
31 43
31 44
31 45
31 47
32 33
32 34
32 38
32 39
32 40
32 42
32 44
32 46
32 48
32 49
33 34
33 36
33 38
33 40
33 43
33 45
33 47
33 48
34 37
34 42
34 44
34 47
35 38
35 39
35 41
35 46
35 47
35 48
36 37
36 38
36 39
36 43
36 45
36 47
36 48
37 40
37 41
37 43
37 47
37 48
38 39
38 41
38 43
38 46
38 47
39 41
39 42
39 46
39 49
40 42
40 43
40 45
41 49
42 43
42 44
42 46
42 47
43 44
43 46
43 47
43 48
43 49
44 45
44 47
45 46
45 47
46 49
