50 100 12
0 10
0 21
0 39
1 5
1 12
1 19
1 33
1 35
1 39
2 9
2 16
2 29
2 44
3 41
3 45
4 23
4 46
5 48
6 10
6 11
6 16
6 22
6 41
6 44
7 9
7 12
7 15
7 27
7 39
7 44
7 49
8 12
8 16
8 25
8 30
9 25
9 37
10 18
10 20
10 24
10 36
10 37
10 47
11 17
11 38
11 41
12 13
12 32
12 33
13 34
13 41
13 46
14 32
14 35
14 49
15 39
16 30
16 44
16 46
17 26
17 31
17 38
18 41
19 31
19 34
19 49
20 46
20 48
21 39
21 47
22 23
22 27
22 31
23 34
23 48
23 49
25 38
25 40
26 32
26 47
27 31
29 47
29 49
30 35
30 36
30 40
31 46
31 49
33 37
33 47
33 49
34 49
35 47
36 39
36 49
38 44
38 45
40 48
41 43
47 48
